image_width: 1440
image_height: 1080
camera_name: left_18475242
camera_matrix:
  rows: 3
  cols: 3
  data: [895.558699, 0.000000, 783.451540, 0.000000, 896.781508, 593.409868, 0.000000, 0.000000, 1.000000]
distortion_model: plumb_bob
distortion_coefficients:
  rows: 1
  cols: 5
  data: [-0.355343, 0.117382, -0.000824, -0.000662, 0.000000]
rectification_matrix:
  rows: 3
  cols: 3
  data: [1.000000, 0.000000, 0.000000, 0.000000, 1.000000, 0.000000, 0.000000, 0.000000, 1.000000]
projection_matrix:
  rows: 3
  cols: 4
  data: [686.970215, 0.000000, 787.899937, 0.000000, 0.000000, 756.858398, 611.495457, 0.000000, 0.000000, 0.000000, 1.000000, 0.000000]
