# oST version 5.0 parameters


[image]

width
1440

height
1080

[narrow_stereo]

camera matrix
895.558699 0.000000 783.451540
0.000000 896.781508 593.409868
0.000000 0.000000 1.000000

distortion
-0.355343 0.117382 -0.000824 -0.000662 0.000000

rectification
1.000000 0.000000 0.000000
0.000000 1.000000 0.000000
0.000000 0.000000 1.000000

projection
686.970215 0.000000 787.899937 0.000000
0.000000 756.858398 611.495457 0.000000
0.000000 0.000000 1.000000 0.000000

